time	time	departures_all	arrivals_all	stuck_all	en-route_all	departures_car	arrivals_car	stuck_car	en-route_car	departures_pt	arrivals_pt	stuck_pt	en-route_pt
00:00:00	0	0	0	0	0	0	0	0	0	0	0	0	0
00:05:00	300	0	0	0	0	0	0	0	0	0	0	0	0
00:10:00	600	0	0	0	0	0	0	0	0	0	0	0	0
00:15:00	900	0	0	0	0	0	0	0	0	0	0	0	0
00:20:00	1200	0	0	0	0	0	0	0	0	0	0	0	0
00:25:00	1500	0	0	0	0	0	0	0	0	0	0	0	0
00:30:00	1800	0	0	0	0	0	0	0	0	0	0	0	0
00:35:00	2100	0	0	0	0	0	0	0	0	0	0	0	0
00:40:00	2400	0	0	0	0	0	0	0	0	0	0	0	0
00:45:00	2700	0	0	0	0	0	0	0	0	0	0	0	0
00:50:00	3000	0	0	0	0	0	0	0	0	0	0	0	0
00:55:00	3300	0	0	0	0	0	0	0	0	0	0	0	0
01:00:00	3600	0	0	0	0	0	0	0	0	0	0	0	0
01:05:00	3900	0	0	0	0	0	0	0	0	0	0	0	0
01:10:00	4200	0	0	0	0	0	0	0	0	0	0	0	0
01:15:00	4500	0	0	0	0	0	0	0	0	0	0	0	0
01:20:00	4800	0	0	0	0	0	0	0	0	0	0	0	0
01:25:00	5100	0	0	0	0	0	0	0	0	0	0	0	0
01:30:00	5400	0	0	0	0	0	0	0	0	0	0	0	0
01:35:00	5700	0	0	0	0	0	0	0	0	0	0	0	0
01:40:00	6000	0	0	0	0	0	0	0	0	0	0	0	0
01:45:00	6300	2	0	0	2	1	0	0	1	1	0	0	1
01:50:00	6600	0	0	0	2	0	0	0	1	0	0	0	1
01:55:00	6900	0	0	0	2	0	0	0	1	0	0	0	1
02:00:00	7200	0	1	0	1	0	1	0	0	0	0	0	1
02:05:00	7500	0	0	0	1	0	0	0	0	0	0	0	1
02:10:00	7800	0	0	0	1	0	0	0	0	0	0	0	1
02:15:00	8100	0	0	0	1	0	0	0	0	0	0	0	1
02:20:00	8400	0	0	0	1	0	0	0	0	0	0	0	1
02:25:00	8700	0	0	0	1	0	0	0	0	0	0	0	1
02:30:00	9000	0	0	0	1	0	0	0	0	0	0	0	1
02:35:00	9300	4	1	0	4	1	0	0	1	3	1	0	3
02:40:00	9600	2	1	0	5	1	1	0	1	1	0	0	4
02:45:00	9900	5	0	0	10	3	0	0	4	2	0	0	6
02:50:00	10200	3	2	0	11	2	2	0	4	1	0	0	7
02:55:00	10500	7	3	0	15	5	2	0	7	2	1	0	8
03:00:00	10800	2	3	0	14	1	3	0	5	1	0	0	9
03:05:00	11100	11	3	0	22	7	3	0	9	4	0	0	13
03:10:00	11400	8	7	0	23	4	4	0	9	4	3	0	14
03:15:00	11700	4	2	0	25	3	1	0	11	1	1	0	14
03:20:00	12000	9	6	0	28	7	3	0	15	2	3	0	13
03:25:00	12300	8	7	0	29	6	6	0	15	2	1	0	14
03:30:00	12600	10	6	0	33	5	5	0	15	5	1	0	18
03:35:00	12900	20	9	0	44	15	6	0	24	5	3	0	20
03:40:00	13200	19	13	0	50	12	9	0	27	7	4	0	23
03:45:00	13500	24	14	0	60	14	11	0	30	10	3	0	30
03:50:00	13800	29	9	0	80	16	7	0	39	13	2	0	41
03:55:00	14100	27	12	0	95	18	10	0	47	9	2	0	48
04:00:00	14400	25	24	0	96	13	19	0	41	12	5	0	55
04:05:00	14700	32	18	0	110	21	12	0	50	11	6	0	60
04:10:00	15000	42	21	0	131	29	11	0	68	13	10	0	63
04:15:00	15300	40	24	0	147	25	16	0	77	15	8	0	70
04:20:00	15600	59	35	0	171	43	27	0	93	16	8	0	78
04:25:00	15900	60	30	0	201	37	25	0	105	23	5	0	96
04:30:00	16200	113	42	0	272	72	30	0	147	41	12	0	125
04:35:00	16500	152	60	0	364	100	47	0	200	52	13	0	164
04:40:00	16800	162	72	0	454	92	53	0	239	70	19	0	215
04:45:00	17100	177	103	0	528	115	75	0	279	62	28	0	249
04:50:00	17400	187	119	0	596	113	84	0	308	74	35	0	288
04:55:00	17700	195	174	0	617	126	108	0	326	69	66	0	291
05:00:00	18000	218	188	0	647	135	131	0	330	83	57	0	317
05:05:00	18300	209	184	0	672	156	116	0	370	53	68	0	302
05:10:00	18600	194	195	0	671	125	132	0	363	69	63	0	308
05:15:00	18900	212	195	0	688	144	130	0	377	68	65	0	311
05:20:00	19200	218	182	0	724	140	126	0	391	78	56	0	333
05:25:00	19500	207	232	0	699	139	163	0	367	68	69	0	332
05:30:00	19800	313	210	0	802	227	151	0	443	86	59	0	359
05:35:00	20100	315	217	0	900	202	164	0	481	113	53	0	419
05:40:00	20400	284	235	0	949	185	167	0	499	99	68	0	450
05:45:00	20700	292	269	0	972	202	179	0	522	90	90	0	450
05:50:00	21000	293	279	0	986	198	200	0	520	95	79	0	466
05:55:00	21300	319	282	0	1023	203	190	0	533	116	92	0	490
06:00:00	21600	299	304	0	1018	193	196	0	530	106	108	0	488
06:05:00	21900	291	282	0	1027	185	181	0	534	106	101	0	493
06:10:00	22200	322	283	0	1066	196	189	0	541	126	94	0	525
06:15:00	22500	288	311	0	1043	187	200	0	528	101	111	0	515
06:20:00	22800	315	328	0	1030	191	208	0	511	124	120	0	519
06:25:00	23100	308	279	0	1059	188	180	0	519	120	99	0	540
06:30:00	23400	288	290	0	1057	190	181	0	528	98	109	0	529
06:35:00	23700	283	290	0	1050	192	187	0	533	91	103	0	517
06:40:00	24000	284	302	0	1032	176	186	0	523	108	116	0	509
06:45:00	24300	275	302	0	1005	183	200	0	506	92	102	0	499
06:50:00	24600	281	272	0	1014	190	171	0	525	91	101	0	489
06:55:00	24900	302	295	0	1021	192	192	0	525	110	103	0	496
07:00:00	25200	322	289	0	1054	210	188	0	547	112	101	0	507
07:05:00	25500	310	303	0	1061	199	206	0	540	111	97	0	521
07:10:00	25800	290	313	0	1038	189	196	0	533	101	117	0	505
07:15:00	26100	291	309	0	1020	188	204	0	517	103	105	0	503
07:20:00	26400	317	286	0	1051	208	187	0	538	109	99	0	513
07:25:00	26700	286	299	0	1038	183	188	0	533	103	111	0	505
07:30:00	27000	296	298	0	1036	190	184	0	539	106	114	0	497
07:35:00	27300	306	290	0	1052	209	177	0	571	97	113	0	481
07:40:00	27600	270	304	0	1018	173	213	0	531	97	91	0	487
07:45:00	27900	302	270	0	1050	186	183	0	534	116	87	0	516
07:50:00	28200	272	277	0	1045	176	172	0	538	96	105	0	507
07:55:00	28500	301	298	0	1048	199	189	0	548	102	109	0	500
08:00:00	28800	286	303	0	1031	177	202	0	523	109	101	0	508
08:05:00	29100	312	257	0	1086	200	180	0	543	112	77	0	543
08:10:00	29400	273	315	0	1044	172	218	0	497	101	97	0	547
08:15:00	29700	266	293	0	1017	167	188	0	476	99	105	0	541
08:20:00	30000	278	279	0	1016	186	165	0	497	92	114	0	519
08:25:00	30300	285	264	0	1037	185	171	0	511	100	93	0	526
08:30:00	30600	283	263	0	1057	183	168	0	526	100	95	0	531
08:35:00	30900	253	282	0	1028	169	170	0	525	84	112	0	503
08:40:00	31200	272	246	0	1054	177	158	0	544	95	88	0	510
08:45:00	31500	248	282	0	1020	144	183	0	505	104	99	0	515
08:50:00	31800	280	287	0	1013	187	192	0	500	93	95	0	513
08:55:00	32100	219	253	0	979	144	171	0	473	75	82	0	506
09:00:00	32400	260	271	0	968	168	173	0	468	92	98	0	500
09:05:00	32700	249	265	0	952	161	168	0	461	88	97	0	491
09:10:00	33000	281	259	0	974	171	162	0	470	110	97	0	504
09:15:00	33300	260	259	0	975	168	167	0	471	92	92	0	504
09:20:00	33600	231	268	0	938	140	168	0	443	91	100	0	495
09:25:00	33900	243	245	0	936	165	156	0	452	78	89	0	484
09:30:00	34200	216	235	0	917	143	146	0	449	73	89	0	468
09:35:00	34500	222	256	0	883	151	157	0	443	71	99	0	440
09:40:00	34800	220	250	0	853	153	160	0	436	67	90	0	417
09:45:00	35100	194	232	0	815	120	149	0	407	74	83	0	408
09:50:00	35400	185	227	0	773	115	144	0	378	70	83	0	395
09:55:00	35700	200	211	0	762	132	138	0	372	68	73	0	390
10:00:00	36000	195	218	0	739	127	132	0	367	68	86	0	372
10:05:00	36300	176	194	0	721	121	127	0	361	55	67	0	360
10:10:00	36600	180	213	0	688	128	145	0	344	52	68	0	344
10:15:00	36900	146	235	0	599	108	145	0	307	38	90	0	292
10:20:00	37200	144	243	0	500	94	143	0	258	50	100	0	242
10:25:00	37500	103	166	0	437	71	108	0	221	32	58	0	216
10:30:00	37800	33	161	0	309	24	98	0	147	9	63	0	162
10:35:00	38100	31	100	0	240	19	57	0	109	12	43	0	131
10:40:00	38400	23	78	0	185	15	45	0	79	8	33	0	106
10:45:00	38700	30	55	0	160	20	26	0	73	10	29	0	87
10:50:00	39000	20	49	0	131	13	34	0	52	7	15	0	79
10:55:00	39300	16	46	0	101	11	20	0	43	5	26	0	58
11:00:00	39600	18	34	0	85	14	21	0	36	4	13	0	49
11:05:00	39900	19	27	0	77	15	18	0	33	4	9	0	44
11:10:00	40200	19	20	0	76	11	10	0	34	8	10	0	42
11:15:00	40500	17	24	0	69	11	15	0	30	6	9	0	39
11:20:00	40800	17	13	0	73	10	9	0	31	7	4	0	42
11:25:00	41100	12	20	0	65	7	14	0	24	5	6	0	41
11:30:00	41400	13	20	0	58	10	9	0	25	3	11	0	33
11:35:00	41700	19	9	0	68	12	7	0	30	7	2	0	38
11:40:00	42000	18	17	0	69	9	10	0	29	9	7	0	40
11:45:00	42300	17	18	0	68	13	12	0	30	4	6	0	38
11:50:00	42600	35	15	0	88	21	5	0	46	14	10	0	42
11:55:00	42900	25	25	0	88	19	14	0	51	6	11	0	37
12:00:00	43200	35	19	0	104	22	13	0	60	13	6	0	44
12:05:00	43500	27	20	0	111	15	15	0	60	12	5	0	51
12:10:00	43800	39	40	0	110	25	26	0	59	14	14	0	51
12:15:00	44100	39	26	0	123	25	20	0	64	14	6	0	59
12:20:00	44400	31	36	0	118	16	25	0	55	15	11	0	63
12:25:00	44700	33	24	0	127	18	14	0	59	15	10	0	68
12:30:00	45000	43	28	0	142	26	14	0	71	17	14	0	71
12:35:00	45300	45	50	0	137	27	32	0	66	18	18	0	71
12:40:00	45600	48	36	0	149	28	22	0	72	20	14	0	77
12:45:00	45900	66	46	0	169	44	28	0	88	22	18	0	81
12:50:00	46200	66	40	0	195	32	23	0	97	34	17	0	98
12:55:00	46500	77	53	0	219	49	39	0	107	28	14	0	112
13:00:00	46800	66	59	0	226	42	41	0	108	24	18	0	118
13:05:00	47100	95	63	0	258	63	42	0	129	32	21	0	129
13:10:00	47400	95	71	0	282	56	42	0	143	39	29	0	139
13:15:00	47700	120	76	0	326	75	49	0	169	45	27	0	157
13:20:00	48000	115	105	0	336	74	81	0	162	41	24	0	174
13:25:00	48300	117	80	0	373	83	53	0	192	34	27	0	181
13:30:00	48600	137	112	0	398	90	76	0	206	47	36	0	192
13:35:00	48900	145	92	0	451	93	63	0	236	52	29	0	215
13:40:00	49200	156	125	0	482	104	78	0	262	52	47	0	220
13:45:00	49500	152	127	0	507	101	89	0	274	51	38	0	233
13:50:00	49800	144	149	0	502	98	104	0	268	46	45	0	234
13:55:00	50100	156	129	0	529	96	86	0	278	60	43	0	251
14:00:00	50400	163	149	0	543	111	98	0	291	52	51	0	252
14:05:00	50700	164	143	0	564	104	106	0	289	60	37	0	275
14:10:00	51000	177	144	0	597	126	96	0	319	51	48	0	278
14:15:00	51300	211	168	0	640	144	115	0	348	67	53	0	292
14:20:00	51600	184	163	0	661	131	115	0	364	53	48	0	297
14:25:00	51900	202	195	0	668	135	130	0	369	67	65	0	299
14:30:00	52200	211	192	0	687	148	132	0	385	63	60	0	302
14:35:00	52500	232	201	0	718	164	139	0	410	68	62	0	308
14:40:00	52800	254	200	0	772	153	142	0	421	101	58	0	351
14:45:00	53100	240	225	0	787	148	158	0	411	92	67	0	376
14:50:00	53400	223	204	0	806	158	146	0	423	65	58	0	383
14:55:00	53700	236	207	0	835	150	137	0	436	86	70	0	399
15:00:00	54000	255	208	0	882	165	139	0	462	90	69	0	420
15:05:00	54300	251	244	0	889	160	167	0	455	91	77	0	434
15:10:00	54600	271	273	0	887	172	178	0	449	99	95	0	438
15:15:00	54900	258	240	0	905	177	152	0	474	81	88	0	431
15:20:00	55200	290	253	0	942	182	178	0	478	108	75	0	464
15:25:00	55500	286	248	0	980	182	162	0	498	104	86	0	482
15:30:00	55800	291	279	0	992	182	179	0	501	109	100	0	491
15:35:00	56100	280	263	0	1009	174	178	0	497	106	85	0	512
15:40:00	56400	289	253	0	1045	186	156	0	527	103	97	0	518
15:45:00	56700	309	279	0	1075	196	178	0	545	113	101	0	530
15:50:00	57000	310	302	0	1083	197	202	0	540	113	100	0	543
15:55:00	57300	273	293	0	1063	185	186	0	539	88	107	0	524
16:00:00	57600	291	300	0	1054	191	191	0	539	100	109	0	515
16:05:00	57900	271	281	0	1044	185	193	0	531	86	88	0	513
16:10:00	58200	282	286	0	1040	180	182	0	529	102	104	0	511
16:15:00	58500	269	305	0	1004	163	187	0	505	106	118	0	499
16:20:00	58800	309	285	0	1028	195	189	0	511	114	96	0	517
16:25:00	59100	293	283	0	1038	202	174	0	539	91	109	0	499
16:30:00	59400	299	297	0	1040	196	189	0	546	103	108	0	494
16:35:00	59700	289	279	0	1050	184	190	0	540	105	89	0	510
16:40:00	60000	280	294	0	1036	179	190	0	529	101	104	0	507
16:45:00	60300	288	297	0	1027	197	202	0	524	91	95	0	503
16:50:00	60600	285	294	0	1018	179	205	0	498	106	89	0	520
16:55:00	60900	284	252	0	1050	173	159	0	512	111	93	0	538
17:00:00	61200	260	288	0	1022	166	169	0	509	94	119	0	513
17:05:00	61500	294	280	0	1036	180	188	0	501	114	92	0	535
17:10:00	61800	264	284	0	1016	174	172	0	503	90	112	0	513
17:15:00	62100	285	279	0	1022	179	172	0	510	106	107	0	512
17:20:00	62400	271	284	0	1009	181	173	0	518	90	111	0	491
17:25:00	62700	290	270	0	1029	176	171	0	523	114	99	0	506
17:30:00	63000	243	288	0	984	162	189	0	496	81	99	0	488
17:35:00	63300	251	241	0	994	157	151	0	502	94	90	0	492
17:40:00	63600	259	275	0	978	159	186	0	475	100	89	0	503
17:45:00	63900	237	300	0	915	166	193	0	448	71	107	0	467
17:50:00	64200	241	242	0	914	165	167	0	446	76	75	0	468
17:55:00	64500	275	255	0	934	174	153	0	467	101	102	0	467
18:00:00	64800	247	229	0	952	163	142	0	488	84	87	0	464
18:05:00	65100	242	258	0	936	160	167	0	481	82	91	0	455
18:10:00	65400	218	224	0	930	139	155	0	465	79	69	0	465
18:15:00	65700	217	268	0	879	146	170	0	441	71	98	0	438
18:20:00	66000	228	236	0	871	145	151	0	435	83	85	0	436
18:25:00	66300	230	232	0	869	157	145	0	447	73	87	0	422
18:30:00	66600	211	241	0	839	142	149	0	440	69	92	0	399
18:35:00	66900	167	243	0	763	111	172	0	379	56	71	0	384
18:40:00	67200	162	210	0	715	99	146	0	332	63	64	0	383
18:45:00	67500	183	216	0	682	118	139	0	311	65	77	0	371
18:50:00	67800	180	180	0	682	120	114	0	317	60	66	0	365
18:55:00	68100	158	197	0	643	111	127	0	301	47	70	0	342
19:00:00	68400	148	183	0	608	105	106	0	300	43	77	0	308
19:05:00	68700	175	176	0	607	120	98	0	322	55	78	0	285
19:10:00	69000	147	175	0	579	97	108	0	311	50	67	0	268
19:15:00	69300	140	147	0	572	97	99	0	309	43	48	0	263
19:20:00	69600	149	180	0	541	95	120	0	284	54	60	0	257
19:25:00	69900	115	153	0	503	75	107	0	252	40	46	0	251
19:30:00	70200	114	145	0	472	83	98	0	237	31	47	0	235
19:35:00	70500	109	139	0	442	70	93	0	214	39	46	0	228
19:40:00	70800	85	128	0	399	56	78	0	192	29	50	0	207
19:45:00	71100	85	108	0	376	56	66	0	182	29	42	0	194
19:50:00	71400	80	102	0	354	50	67	0	165	30	35	0	189
19:55:00	71700	75	112	0	317	45	69	0	141	30	43	0	176
20:00:00	72000	66	94	0	289	37	58	0	120	29	36	0	169
20:05:00	72300	41	84	0	246	32	50	0	102	9	34	0	144
20:10:00	72600	44	72	0	218	24	42	0	84	20	30	0	134
20:15:00	72900	20	53	0	185	9	26	0	67	11	27	0	118
20:20:00	73200	40	49	0	176	24	25	0	66	16	24	0	110
20:25:00	73500	17	37	0	156	10	21	0	55	7	16	0	101
20:30:00	73800	17	35	0	138	11	21	0	45	6	14	0	93
20:35:00	74100	6	35	0	109	3	16	0	32	3	19	0	77
20:40:00	74400	14	25	0	98	11	13	0	30	3	12	0	68
20:45:00	74700	11	29	0	80	6	10	0	26	5	19	0	54
20:50:00	75000	14	16	0	78	10	5	0	31	4	11	0	47
20:55:00	75300	6	16	0	68	4	8	0	27	2	8	0	41
21:00:00	75600	6	21	0	53	4	7	0	24	2	14	0	29
21:05:00	75900	9	21	0	41	6	14	0	16	3	7	0	25
21:10:00	76200	6	10	0	37	5	6	0	15	1	4	0	22
21:15:00	76500	7	10	0	34	5	8	0	12	2	2	0	22
21:20:00	76800	8	9	0	33	7	4	0	15	1	5	0	18
21:25:00	77100	3	7	0	29	1	5	0	11	2	2	0	18
21:30:00	77400	2	9	0	22	2	3	0	10	0	6	0	12
21:35:00	77700	2	3	0	21	2	2	0	10	0	1	0	11
21:40:00	78000	2	5	0	18	2	4	0	8	0	1	0	10
21:45:00	78300	1	4	0	15	0	4	0	4	1	0	0	11
21:50:00	78600	5	4	0	16	2	2	0	4	3	2	0	12
21:55:00	78900	1	2	0	15	0	2	0	2	1	0	0	13
22:00:00	79200	0	3	0	12	0	0	0	2	0	3	0	10
22:05:00	79500	1	4	0	9	1	2	0	1	0	2	0	8
22:10:00	79800	0	3	0	6	0	0	0	1	0	3	0	5
22:15:00	80100	1	1	0	6	0	0	0	1	1	1	0	5
22:20:00	80400	0	1	0	5	0	1	0	0	0	0	0	5
22:25:00	80700	1	0	0	6	1	0	0	1	0	0	0	5
22:30:00	81000	3	3	0	6	2	2	0	1	1	1	0	5
22:35:00	81300	0	1	0	5	0	0	0	1	0	1	0	4
22:40:00	81600	0	3	0	2	0	1	0	0	0	2	0	2
22:45:00	81900	2	0	0	4	1	0	0	1	1	0	0	3
22:50:00	82200	0	0	0	4	0	0	0	1	0	0	0	3
22:55:00	82500	0	1	0	3	0	0	0	1	0	1	0	2
23:00:00	82800	1	0	0	4	0	0	0	1	1	0	0	3
23:05:00	83100	0	1	0	3	0	0	0	1	0	1	0	2
23:10:00	83400	0	1	0	2	0	0	0	1	0	1	0	1
23:15:00	83700	0	0	0	2	0	0	0	1	0	0	0	1
23:20:00	84000	0	1	0	1	0	1	0	0	0	0	0	1
23:25:00	84300	0	0	0	1	0	0	0	0	0	0	0	1
23:30:00	84600	0	0	0	1	0	0	0	0	0	0	0	1
23:35:00	84900	0	0	0	1	0	0	0	0	0	0	0	1
23:40:00	85200	0	0	0	1	0	0	0	0	0	0	0	1
23:45:00	85500	0	0	0	1	0	0	0	0	0	0	0	1
23:50:00	85800	0	0	0	1	0	0	0	0	0	0	0	1
23:55:00	86100	0	0	0	1	0	0	0	0	0	0	0	1
24:00:00	86400	0	0	1	0	0	0	0	0	0	0	1	0
24:05:00	86700	0	0	0	0	0	0	0	0	0	0	0	0
24:10:00	87000	0	0	0	0	0	0	0	0	0	0	0	0
24:15:00	87300	0	0	0	0	0	0	0	0	0	0	0	0
24:20:00	87600	0	0	0	0	0	0	0	0	0	0	0	0
24:25:00	87900	0	0	0	0	0	0	0	0	0	0	0	0
24:30:00	88200	0	0	0	0	0	0	0	0	0	0	0	0
24:35:00	88500	0	0	0	0	0	0	0	0	0	0	0	0
24:40:00	88800	0	0	0	0	0	0	0	0	0	0	0	0
24:45:00	89100	0	0	0	0	0	0	0	0	0	0	0	0
24:50:00	89400	0	0	0	0	0	0	0	0	0	0	0	0
24:55:00	89700	0	0	0	0	0	0	0	0	0	0	0	0
25:00:00	90000	0	0	0	0	0	0	0	0	0	0	0	0
25:05:00	90300	0	0	0	0	0	0	0	0	0	0	0	0
25:10:00	90600	0	0	0	0	0	0	0	0	0	0	0	0
25:15:00	90900	0	0	0	0	0	0	0	0	0	0	0	0
25:20:00	91200	0	0	0	0	0	0	0	0	0	0	0	0
25:25:00	91500	0	0	0	0	0	0	0	0	0	0	0	0
25:30:00	91800	0	0	0	0	0	0	0	0	0	0	0	0
25:35:00	92100	0	0	0	0	0	0	0	0	0	0	0	0
25:40:00	92400	0	0	0	0	0	0	0	0	0	0	0	0
25:45:00	92700	0	0	0	0	0	0	0	0	0	0	0	0
25:50:00	93000	0	0	0	0	0	0	0	0	0	0	0	0
25:55:00	93300	0	0	0	0	0	0	0	0	0	0	0	0
26:00:00	93600	0	0	0	0	0	0	0	0	0	0	0	0
26:05:00	93900	0	0	0	0	0	0	0	0	0	0	0	0
26:10:00	94200	0	0	0	0	0	0	0	0	0	0	0	0
26:15:00	94500	0	0	0	0	0	0	0	0	0	0	0	0
26:20:00	94800	0	0	0	0	0	0	0	0	0	0	0	0
26:25:00	95100	0	0	0	0	0	0	0	0	0	0	0	0
26:30:00	95400	0	0	0	0	0	0	0	0	0	0	0	0
26:35:00	95700	0	0	0	0	0	0	0	0	0	0	0	0
26:40:00	96000	0	0	0	0	0	0	0	0	0	0	0	0
26:45:00	96300	0	0	0	0	0	0	0	0	0	0	0	0
26:50:00	96600	0	0	0	0	0	0	0	0	0	0	0	0
26:55:00	96900	0	0	0	0	0	0	0	0	0	0	0	0
27:00:00	97200	0	0	0	0	0	0	0	0	0	0	0	0
27:05:00	97500	0	0	0	0	0	0	0	0	0	0	0	0
27:10:00	97800	0	0	0	0	0	0	0	0	0	0	0	0
27:15:00	98100	0	0	0	0	0	0	0	0	0	0	0	0
27:20:00	98400	0	0	0	0	0	0	0	0	0	0	0	0
27:25:00	98700	0	0	0	0	0	0	0	0	0	0	0	0
27:30:00	99000	0	0	0	0	0	0	0	0	0	0	0	0
27:35:00	99300	0	0	0	0	0	0	0	0	0	0	0	0
27:40:00	99600	0	0	0	0	0	0	0	0	0	0	0	0
27:45:00	99900	0	0	0	0	0	0	0	0	0	0	0	0
27:50:00	100200	0	0	0	0	0	0	0	0	0	0	0	0
27:55:00	100500	0	0	0	0	0	0	0	0	0	0	0	0
28:00:00	100800	0	0	0	0	0	0	0	0	0	0	0	0
28:05:00	101100	0	0	0	0	0	0	0	0	0	0	0	0
28:10:00	101400	0	0	0	0	0	0	0	0	0	0	0	0
28:15:00	101700	0	0	0	0	0	0	0	0	0	0	0	0
28:20:00	102000	0	0	0	0	0	0	0	0	0	0	0	0
28:25:00	102300	0	0	0	0	0	0	0	0	0	0	0	0
28:30:00	102600	0	0	0	0	0	0	0	0	0	0	0	0
28:35:00	102900	0	0	0	0	0	0	0	0	0	0	0	0
28:40:00	103200	0	0	0	0	0	0	0	0	0	0	0	0
28:45:00	103500	0	0	0	0	0	0	0	0	0	0	0	0
28:50:00	103800	0	0	0	0	0	0	0	0	0	0	0	0
28:55:00	104100	0	0	0	0	0	0	0	0	0	0	0	0
29:00:00	104400	0	0	0	0	0	0	0	0	0	0	0	0
29:05:00	104700	0	0	0	0	0	0	0	0	0	0	0	0
29:10:00	105000	0	0	0	0	0	0	0	0	0	0	0	0
29:15:00	105300	0	0	0	0	0	0	0	0	0	0	0	0
29:20:00	105600	0	0	0	0	0	0	0	0	0	0	0	0
29:25:00	105900	0	0	0	0	0	0	0	0	0	0	0	0
29:30:00	106200	0	0	0	0	0	0	0	0	0	0	0	0
29:35:00	106500	0	0	0	0	0	0	0	0	0	0	0	0
29:40:00	106800	0	0	0	0	0	0	0	0	0	0	0	0
29:45:00	107100	0	0	0	0	0	0	0	0	0	0	0	0
29:50:00	107400	0	0	0	0	0	0	0	0	0	0	0	0
29:55:00	107700	0	0	0	0	0	0	0	0	0	0	0	0
30:00:00	108000	0	0	0	0	0	0	0	0	0	0	0	0
30:05:00	108300	0	0	0	0	0	0	0	0	0	0	0	0
