hour 	 mean relative error 	 mean absolute bias
1	1000.0	1.0
2	1000.0	1.0
3	1000.0	1.0
4	1000.0	1.0
5	15.996977249511605	-157.5
6	38.43316881413796	2087.0
7	114.22902719780828	5680.500000000001
8	141.2018981348793	6613.999999999999
9	159.81407537903706	6744.999999999999
10	104.05232751141646	4238.0
11	1000.0	1.0
12	1000.0	1.0
13	1000.0	1.0
14	1000.0	1.0
15	1000.0	1.0
16	1000.0	1.0
17	1000.0	1.0
18	1000.0	1.0
19	1000.0	1.0
20	1000.0	1.0
21	1000.0	1.0
22	1000.0	1.0
23	1000.0	1.0
24	1000.0	1.0
