time	time	departures_all	arrivals_all	stuck_all	en-route_all	departures_car	arrivals_car	stuck_car	en-route_car
00:00:00	0	0	0	0	0	0	0	0	0
00:05:00	300	0	0	0	0	0	0	0	0
00:10:00	600	0	0	0	0	0	0	0	0
00:15:00	900	0	0	0	0	0	0	0	0
00:20:00	1200	0	0	0	0	0	0	0	0
00:25:00	1500	0	0	0	0	0	0	0	0
00:30:00	1800	0	0	0	0	0	0	0	0
00:35:00	2100	0	0	0	0	0	0	0	0
00:40:00	2400	0	0	0	0	0	0	0	0
00:45:00	2700	0	0	0	0	0	0	0	0
00:50:00	3000	0	0	0	0	0	0	0	0
00:55:00	3300	0	0	0	0	0	0	0	0
01:00:00	3600	0	0	0	0	0	0	0	0
01:05:00	3900	0	0	0	0	0	0	0	0
01:10:00	4200	0	0	0	0	0	0	0	0
01:15:00	4500	0	0	0	0	0	0	0	0
01:20:00	4800	0	0	0	0	0	0	0	0
01:25:00	5100	0	0	0	0	0	0	0	0
01:30:00	5400	0	0	0	0	0	0	0	0
01:35:00	5700	0	0	0	0	0	0	0	0
01:40:00	6000	0	0	0	0	0	0	0	0
01:45:00	6300	0	0	0	0	0	0	0	0
01:50:00	6600	0	0	0	0	0	0	0	0
01:55:00	6900	0	0	0	0	0	0	0	0
02:00:00	7200	0	0	0	0	0	0	0	0
02:05:00	7500	0	0	0	0	0	0	0	0
02:10:00	7800	0	0	0	0	0	0	0	0
02:15:00	8100	0	0	0	0	0	0	0	0
02:20:00	8400	0	0	0	0	0	0	0	0
02:25:00	8700	0	0	0	0	0	0	0	0
02:30:00	9000	1	0	0	1	1	0	0	1
02:35:00	9300	3	0	0	4	3	0	0	4
02:40:00	9600	0	0	0	4	0	0	0	4
02:45:00	9900	3	2	0	5	3	2	0	5
02:50:00	10200	3	1	0	7	3	1	0	7
02:55:00	10500	2	5	0	4	2	5	0	4
03:00:00	10800	1	0	0	5	1	0	0	5
03:05:00	11100	3	3	0	5	3	3	0	5
03:10:00	11400	9	1	0	13	9	1	0	13
03:15:00	11700	8	4	0	17	8	4	0	17
03:20:00	12000	7	11	0	13	7	11	0	13
03:25:00	12300	8	2	0	19	8	2	0	19
03:30:00	12600	6	5	0	20	6	5	0	20
03:35:00	12900	10	7	0	23	10	7	0	23
03:40:00	13200	11	8	0	26	11	8	0	26
03:45:00	13500	10	11	0	25	10	11	0	25
03:50:00	13800	10	6	0	29	10	6	0	29
03:55:00	14100	21	8	0	42	21	8	0	42
04:00:00	14400	21	14	0	49	21	14	0	49
04:05:00	14700	31	20	0	60	31	20	0	60
04:10:00	15000	20	18	0	62	20	18	0	62
04:15:00	15300	33	24	0	71	33	24	0	71
04:20:00	15600	27	26	0	72	27	26	0	72
04:25:00	15900	29	31	0	70	29	31	0	70
04:30:00	16200	107	33	0	144	107	33	0	144
04:35:00	16500	124	41	0	227	124	41	0	227
04:40:00	16800	112	74	0	265	112	74	0	265
04:45:00	17100	124	82	0	307	124	82	0	307
04:50:00	17400	129	103	0	333	129	103	0	333
04:55:00	17700	108	114	0	327	108	114	0	327
05:00:00	18000	141	108	0	360	141	108	0	360
05:05:00	18300	125	125	0	360	125	125	0	360
05:10:00	18600	132	130	0	362	132	130	0	362
05:15:00	18900	149	133	0	378	149	133	0	378
05:20:00	19200	139	140	0	377	139	140	0	377
05:25:00	19500	141	149	0	369	141	149	0	369
05:30:00	19800	264	137	0	496	264	137	0	496
05:35:00	20100	272	145	0	623	272	145	0	623
05:40:00	20400	276	203	0	696	276	203	0	696
05:45:00	20700	308	238	0	766	308	238	0	766
05:50:00	21000	277	250	0	793	277	250	0	793
05:55:00	21300	279	253	0	819	279	253	0	819
06:00:00	21600	286	283	0	822	286	283	0	822
06:05:00	21900	314	286	0	850	314	286	0	850
06:10:00	22200	346	278	0	918	346	278	0	918
06:15:00	22500	280	291	0	907	280	291	0	907
06:20:00	22800	283	312	0	878	283	312	0	878
06:25:00	23100	286	256	0	908	286	256	0	908
06:30:00	23400	296	301	0	903	296	301	0	903
06:35:00	23700	313	302	0	914	313	302	0	914
06:40:00	24000	281	270	0	925	281	270	0	925
06:45:00	24300	289	300	0	914	289	300	0	914
06:50:00	24600	284	312	0	886	284	312	0	886
06:55:00	24900	275	309	0	852	275	309	0	852
07:00:00	25200	310	291	0	871	310	291	0	871
07:05:00	25500	323	263	0	931	323	263	0	931
07:10:00	25800	343	291	0	983	343	291	0	983
07:15:00	26100	344	325	0	1002	344	325	0	1002
07:20:00	26400	319	342	0	979	319	342	0	979
07:25:00	26700	284	328	0	935	284	328	0	935
07:30:00	27000	303	306	0	932	303	306	0	932
07:35:00	27300	266	315	0	883	266	315	0	883
07:40:00	27600	271	244	0	910	271	244	0	910
07:45:00	27900	300	298	0	912	300	298	0	912
07:50:00	28200	296	298	0	910	296	298	0	910
07:55:00	28500	300	287	0	923	300	287	0	923
08:00:00	28800	320	290	0	953	320	290	0	953
08:05:00	29100	309	300	0	962	309	300	0	962
08:10:00	29400	287	285	0	964	287	285	0	964
08:15:00	29700	296	296	0	964	296	296	0	964
08:20:00	30000	306	289	0	981	306	289	0	981
08:25:00	30300	261	312	0	930	261	312	0	930
08:30:00	30600	235	279	0	886	235	279	0	886
08:35:00	30900	299	276	0	909	299	276	0	909
08:40:00	31200	293	267	0	935	293	267	0	935
08:45:00	31500	261	298	0	898	261	298	0	898
08:50:00	31800	289	283	0	904	289	283	0	904
08:55:00	32100	279	264	0	919	279	264	0	919
09:00:00	32400	277	286	0	910	277	286	0	910
09:05:00	32700	264	268	0	906	264	268	0	906
09:10:00	33000	245	266	0	885	245	266	0	885
09:15:00	33300	257	282	0	860	257	282	0	860
09:20:00	33600	237	281	0	816	237	281	0	816
09:25:00	33900	234	267	0	783	234	267	0	783
09:30:00	34200	258	266	0	775	258	266	0	775
09:35:00	34500	230	264	0	741	230	264	0	741
09:40:00	34800	248	237	0	752	248	237	0	752
09:45:00	35100	254	263	0	743	254	263	0	743
09:50:00	35400	250	233	0	760	250	233	0	760
09:55:00	35700	252	246	0	766	252	246	0	766
10:00:00	36000	238	263	0	741	238	263	0	741
10:05:00	36300	223	254	0	710	223	254	0	710
10:10:00	36600	230	253	0	687	230	253	0	687
10:15:00	36900	225	247	0	665	225	247	0	665
10:20:00	37200	258	225	0	698	258	225	0	698
10:25:00	37500	224	215	0	707	224	215	0	707
10:30:00	37800	26	236	0	497	26	236	0	497
10:35:00	38100	34	183	0	348	34	183	0	348
10:40:00	38400	25	137	0	236	25	137	0	236
10:45:00	38700	21	96	0	161	21	96	0	161
10:50:00	39000	24	67	0	118	24	67	0	118
10:55:00	39300	30	46	0	102	30	46	0	102
11:00:00	39600	26	31	0	97	26	31	0	97
11:05:00	39900	20	32	0	85	20	32	0	85
11:10:00	40200	28	34	0	79	28	34	0	79
11:15:00	40500	23	23	0	79	23	23	0	79
11:20:00	40800	24	30	0	73	24	30	0	73
11:25:00	41100	18	31	0	60	18	31	0	60
11:30:00	41400	18	25	0	53	18	25	0	53
11:35:00	41700	19	19	0	53	19	19	0	53
11:40:00	42000	14	22	0	45	14	22	0	45
11:45:00	42300	30	14	0	61	30	14	0	61
11:50:00	42600	26	23	0	64	26	23	0	64
11:55:00	42900	36	19	0	81	36	19	0	81
12:00:00	43200	36	25	0	92	36	25	0	92
12:05:00	43500	38	37	0	93	38	37	0	93
12:10:00	43800	51	33	0	111	51	33	0	111
12:15:00	44100	36	36	0	111	36	36	0	111
12:20:00	44400	51	32	0	130	51	32	0	130
12:25:00	44700	48	42	0	136	48	42	0	136
12:30:00	45000	46	51	0	131	46	51	0	131
12:35:00	45300	54	48	0	137	54	48	0	137
12:40:00	45600	72	45	0	164	72	45	0	164
12:45:00	45900	83	50	0	197	83	50	0	197
12:50:00	46200	86	67	0	216	86	67	0	216
12:55:00	46500	71	78	0	209	71	78	0	209
13:00:00	46800	111	78	0	242	111	78	0	242
13:05:00	47100	103	85	0	260	103	85	0	260
13:10:00	47400	126	69	0	317	126	69	0	317
13:15:00	47700	129	114	0	332	129	114	0	332
13:20:00	48000	142	111	0	363	142	111	0	363
13:25:00	48300	143	109	0	397	143	109	0	397
13:30:00	48600	141	135	0	403	141	135	0	403
13:35:00	48900	164	157	0	410	164	157	0	410
13:40:00	49200	147	143	0	414	147	143	0	414
13:45:00	49500	189	151	0	452	189	151	0	452
13:50:00	49800	183	173	0	462	183	173	0	462
13:55:00	50100	182	153	0	491	182	153	0	491
14:00:00	50400	198	154	0	535	198	154	0	535
14:05:00	50700	223	181	0	577	223	181	0	577
14:10:00	51000	229	201	0	605	229	201	0	605
14:15:00	51300	216	217	0	604	216	217	0	604
14:20:00	51600	215	195	0	624	215	195	0	624
14:25:00	51900	232	210	0	646	232	210	0	646
14:30:00	52200	248	218	0	676	248	218	0	676
14:35:00	52500	243	224	0	695	243	224	0	695
14:40:00	52800	244	240	0	699	244	240	0	699
14:45:00	53100	254	230	0	723	254	230	0	723
14:50:00	53400	261	227	0	757	261	227	0	757
14:55:00	53700	279	257	0	779	279	257	0	779
15:00:00	54000	261	254	0	786	261	254	0	786
15:05:00	54300	273	261	0	798	273	261	0	798
15:10:00	54600	277	262	0	813	277	262	0	813
15:15:00	54900	273	254	0	832	273	254	0	832
15:20:00	55200	333	268	0	897	333	268	0	897
15:25:00	55500	300	279	0	918	300	279	0	918
15:30:00	55800	282	283	0	917	282	283	0	917
15:35:00	56100	287	298	0	906	287	298	0	906
15:40:00	56400	270	323	0	853	270	323	0	853
15:45:00	56700	291	274	0	870	291	274	0	870
15:50:00	57000	312	304	0	878	312	304	0	878
15:55:00	57300	285	282	0	881	285	282	0	881
16:00:00	57600	278	270	0	889	278	270	0	889
16:05:00	57900	282	284	0	887	282	284	0	887
16:10:00	58200	293	279	0	901	293	279	0	901
16:15:00	58500	287	283	0	905	287	283	0	905
16:20:00	58800	285	295	0	895	285	295	0	895
16:25:00	59100	303	291	0	907	303	291	0	907
16:30:00	59400	290	289	0	908	290	289	0	908
16:35:00	59700	258	293	0	873	258	293	0	873
16:40:00	60000	296	291	0	878	296	291	0	878
16:45:00	60300	263	277	0	864	263	277	0	864
16:50:00	60600	290	268	0	886	290	268	0	886
16:55:00	60900	278	282	0	882	278	282	0	882
17:00:00	61200	267	285	0	864	267	285	0	864
17:05:00	61500	280	288	0	856	280	288	0	856
17:10:00	61800	293	268	0	881	293	268	0	881
17:15:00	62100	279	275	0	885	279	275	0	885
17:20:00	62400	276	285	0	876	276	285	0	876
17:25:00	62700	283	276	0	883	283	276	0	883
17:30:00	63000	252	254	0	881	252	254	0	881
17:35:00	63300	243	287	0	837	243	287	0	837
17:40:00	63600	266	258	0	845	266	258	0	845
17:45:00	63900	247	277	0	815	247	277	0	815
17:50:00	64200	229	259	0	785	229	259	0	785
17:55:00	64500	223	272	0	736	223	272	0	736
18:00:00	64800	212	227	0	721	212	227	0	721
18:05:00	65100	185	241	0	665	185	241	0	665
18:10:00	65400	202	206	0	661	202	206	0	661
18:15:00	65700	195	205	0	651	195	205	0	651
18:20:00	66000	173	198	0	626	173	198	0	626
18:25:00	66300	194	192	0	628	194	192	0	628
18:30:00	66600	178	202	0	604	178	202	0	604
18:35:00	66900	198	196	0	606	198	196	0	606
18:40:00	67200	156	174	0	588	156	174	0	588
18:45:00	67500	149	204	0	533	149	204	0	533
18:50:00	67800	125	168	0	490	125	168	0	490
18:55:00	68100	143	164	0	469	143	164	0	469
19:00:00	68400	110	152	0	427	110	152	0	427
19:05:00	68700	126	146	0	407	126	146	0	407
19:10:00	69000	115	126	0	396	115	126	0	396
19:15:00	69300	103	125	0	374	103	125	0	374
19:20:00	69600	106	113	0	367	106	113	0	367
19:25:00	69900	101	120	0	348	101	120	0	348
19:30:00	70200	101	109	0	340	101	109	0	340
19:35:00	70500	93	114	0	319	93	114	0	319
19:40:00	70800	76	120	0	275	76	120	0	275
19:45:00	71100	66	103	0	238	66	103	0	238
19:50:00	71400	59	75	0	222	59	75	0	222
19:55:00	71700	52	66	0	208	52	66	0	208
20:00:00	72000	41	71	0	178	41	71	0	178
20:05:00	72300	30	63	0	145	30	63	0	145
20:10:00	72600	36	60	0	121	36	60	0	121
20:15:00	72900	29	40	0	110	29	40	0	110
20:20:00	73200	26	32	0	104	26	32	0	104
20:25:00	73500	17	36	0	85	17	36	0	85
20:30:00	73800	10	31	0	64	10	31	0	64
20:35:00	74100	6	19	0	51	6	19	0	51
20:40:00	74400	9	22	0	38	9	22	0	38
20:45:00	74700	5	15	0	28	5	15	0	28
20:50:00	75000	6	10	0	24	6	10	0	24
20:55:00	75300	2	7	0	19	2	7	0	19
21:00:00	75600	4	7	0	16	4	7	0	16
21:05:00	75900	5	6	0	15	5	6	0	15
21:10:00	76200	9	5	0	19	9	5	0	19
21:15:00	76500	8	7	0	20	8	7	0	20
21:20:00	76800	2	9	0	13	2	9	0	13
21:25:00	77100	4	4	0	13	4	4	0	13
21:30:00	77400	2	4	0	11	2	4	0	11
21:35:00	77700	0	3	0	8	0	3	0	8
21:40:00	78000	1	4	0	5	1	4	0	5
21:45:00	78300	1	0	0	6	1	0	0	6
21:50:00	78600	2	3	0	5	2	3	0	5
21:55:00	78900	0	4	0	1	0	4	0	1
22:00:00	79200	1	1	0	1	1	1	0	1
22:05:00	79500	0	0	0	1	0	0	0	1
22:10:00	79800	0	0	0	1	0	0	0	1
22:15:00	80100	1	0	0	2	1	0	0	2
22:20:00	80400	0	2	0	0	0	2	0	0
22:25:00	80700	0	0	0	0	0	0	0	0
22:30:00	81000	0	0	0	0	0	0	0	0
22:35:00	81300	0	0	0	0	0	0	0	0
22:40:00	81600	0	0	0	0	0	0	0	0
22:45:00	81900	0	0	0	0	0	0	0	0
22:50:00	82200	0	0	0	0	0	0	0	0
22:55:00	82500	0	0	0	0	0	0	0	0
23:00:00	82800	0	0	0	0	0	0	0	0
23:05:00	83100	0	0	0	0	0	0	0	0
23:10:00	83400	0	0	0	0	0	0	0	0
23:15:00	83700	0	0	0	0	0	0	0	0
23:20:00	84000	0	0	0	0	0	0	0	0
23:25:00	84300	1	0	0	1	1	0	0	1
23:30:00	84600	0	0	0	1	0	0	0	1
23:35:00	84900	0	0	0	1	0	0	0	1
23:40:00	85200	0	1	0	0	0	1	0	0
23:45:00	85500	0	0	0	0	0	0	0	0
23:50:00	85800	0	0	0	0	0	0	0	0
23:55:00	86100	0	0	0	0	0	0	0	0
24:00:00	86400	0	0	0	0	0	0	0	0
24:05:00	86700	0	0	0	0	0	0	0	0
24:10:00	87000	0	0	0	0	0	0	0	0
24:15:00	87300	0	0	0	0	0	0	0	0
24:20:00	87600	0	0	0	0	0	0	0	0
24:25:00	87900	0	0	0	0	0	0	0	0
24:30:00	88200	0	0	0	0	0	0	0	0
24:35:00	88500	0	0	0	0	0	0	0	0
24:40:00	88800	0	0	0	0	0	0	0	0
24:45:00	89100	0	0	0	0	0	0	0	0
24:50:00	89400	0	0	0	0	0	0	0	0
24:55:00	89700	0	0	0	0	0	0	0	0
25:00:00	90000	0	0	0	0	0	0	0	0
25:05:00	90300	0	0	0	0	0	0	0	0
25:10:00	90600	0	0	0	0	0	0	0	0
25:15:00	90900	0	0	0	0	0	0	0	0
25:20:00	91200	0	0	0	0	0	0	0	0
25:25:00	91500	0	0	0	0	0	0	0	0
25:30:00	91800	0	0	0	0	0	0	0	0
25:35:00	92100	0	0	0	0	0	0	0	0
25:40:00	92400	0	0	0	0	0	0	0	0
25:45:00	92700	0	0	0	0	0	0	0	0
25:50:00	93000	0	0	0	0	0	0	0	0
25:55:00	93300	0	0	0	0	0	0	0	0
26:00:00	93600	0	0	0	0	0	0	0	0
26:05:00	93900	0	0	0	0	0	0	0	0
26:10:00	94200	0	0	0	0	0	0	0	0
26:15:00	94500	0	0	0	0	0	0	0	0
26:20:00	94800	0	0	0	0	0	0	0	0
26:25:00	95100	0	0	0	0	0	0	0	0
26:30:00	95400	0	0	0	0	0	0	0	0
26:35:00	95700	0	0	0	0	0	0	0	0
26:40:00	96000	0	0	0	0	0	0	0	0
26:45:00	96300	0	0	0	0	0	0	0	0
26:50:00	96600	0	0	0	0	0	0	0	0
26:55:00	96900	0	0	0	0	0	0	0	0
27:00:00	97200	0	0	0	0	0	0	0	0
27:05:00	97500	0	0	0	0	0	0	0	0
27:10:00	97800	0	0	0	0	0	0	0	0
27:15:00	98100	0	0	0	0	0	0	0	0
27:20:00	98400	0	0	0	0	0	0	0	0
27:25:00	98700	0	0	0	0	0	0	0	0
27:30:00	99000	0	0	0	0	0	0	0	0
27:35:00	99300	0	0	0	0	0	0	0	0
27:40:00	99600	0	0	0	0	0	0	0	0
27:45:00	99900	0	0	0	0	0	0	0	0
27:50:00	100200	0	0	0	0	0	0	0	0
27:55:00	100500	0	0	0	0	0	0	0	0
28:00:00	100800	0	0	0	0	0	0	0	0
28:05:00	101100	0	0	0	0	0	0	0	0
28:10:00	101400	0	0	0	0	0	0	0	0
28:15:00	101700	0	0	0	0	0	0	0	0
28:20:00	102000	0	0	0	0	0	0	0	0
28:25:00	102300	0	0	0	0	0	0	0	0
28:30:00	102600	0	0	0	0	0	0	0	0
28:35:00	102900	0	0	0	0	0	0	0	0
28:40:00	103200	0	0	0	0	0	0	0	0
28:45:00	103500	0	0	0	0	0	0	0	0
28:50:00	103800	0	0	0	0	0	0	0	0
28:55:00	104100	0	0	0	0	0	0	0	0
29:00:00	104400	0	0	0	0	0	0	0	0
29:05:00	104700	0	0	0	0	0	0	0	0
29:10:00	105000	0	0	0	0	0	0	0	0
29:15:00	105300	0	0	0	0	0	0	0	0
29:20:00	105600	0	0	0	0	0	0	0	0
29:25:00	105900	0	0	0	0	0	0	0	0
29:30:00	106200	0	0	0	0	0	0	0	0
29:35:00	106500	0	0	0	0	0	0	0	0
29:40:00	106800	0	0	0	0	0	0	0	0
29:45:00	107100	0	0	0	0	0	0	0	0
29:50:00	107400	0	0	0	0	0	0	0	0
29:55:00	107700	0	0	0	0	0	0	0	0
30:00:00	108000	0	0	0	0	0	0	0	0
30:05:00	108300	0	0	0	0	0	0	0	0
