hour 	 mean relative error 	 mean absolute bias
1	1000.0	1.0
2	1000.0	1.0
3	1000.0	1.0
4	1000.0	1.0
5	31.84925343069069	-677.5
6	17.10194946680518	-833.0000000000002
7	32.01765115863347	1000.5000000000005
8	50.7183308602919	2034.0
9	60.19512733561043	2525.0
10	30.70245178855869	1208.0
11	1000.0	1.0
12	1000.0	1.0
13	1000.0	1.0
14	1000.0	1.0
15	1000.0	1.0
16	1000.0	1.0
17	1000.0	1.0
18	1000.0	1.0
19	1000.0	1.0
20	1000.0	1.0
21	1000.0	1.0
22	1000.0	1.0
23	1000.0	1.0
24	1000.0	1.0
