time	time	departures_all	arrivals_all	stuck_all	en-route_all	departures_car	arrivals_car	stuck_car	en-route_car
00:00:00	0	0	0	0	0	0	0	0	0
00:05:00	300	0	0	0	0	0	0	0	0
00:10:00	600	0	0	0	0	0	0	0	0
00:15:00	900	0	0	0	0	0	0	0	0
00:20:00	1200	0	0	0	0	0	0	0	0
00:25:00	1500	0	0	0	0	0	0	0	0
00:30:00	1800	0	0	0	0	0	0	0	0
00:35:00	2100	0	0	0	0	0	0	0	0
00:40:00	2400	0	0	0	0	0	0	0	0
00:45:00	2700	0	0	0	0	0	0	0	0
00:50:00	3000	0	0	0	0	0	0	0	0
00:55:00	3300	0	0	0	0	0	0	0	0
01:00:00	3600	0	0	0	0	0	0	0	0
01:05:00	3900	0	0	0	0	0	0	0	0
01:10:00	4200	0	0	0	0	0	0	0	0
01:15:00	4500	0	0	0	0	0	0	0	0
01:20:00	4800	0	0	0	0	0	0	0	0
01:25:00	5100	0	0	0	0	0	0	0	0
01:30:00	5400	0	0	0	0	0	0	0	0
01:35:00	5700	0	0	0	0	0	0	0	0
01:40:00	6000	0	0	0	0	0	0	0	0
01:45:00	6300	0	0	0	0	0	0	0	0
01:50:00	6600	0	0	0	0	0	0	0	0
01:55:00	6900	0	0	0	0	0	0	0	0
02:00:00	7200	0	0	0	0	0	0	0	0
02:05:00	7500	0	0	0	0	0	0	0	0
02:10:00	7800	0	0	0	0	0	0	0	0
02:15:00	8100	0	0	0	0	0	0	0	0
02:20:00	8400	0	0	0	0	0	0	0	0
02:25:00	8700	0	0	0	0	0	0	0	0
02:30:00	9000	0	0	0	0	0	0	0	0
02:35:00	9300	0	0	0	0	0	0	0	0
02:40:00	9600	0	0	0	0	0	0	0	0
02:45:00	9900	0	0	0	0	0	0	0	0
02:50:00	10200	0	0	0	0	0	0	0	0
02:55:00	10500	2	1	0	1	2	1	0	1
03:00:00	10800	0	1	0	0	0	1	0	0
03:05:00	11100	0	0	0	0	0	0	0	0
03:10:00	11400	0	0	0	0	0	0	0	0
03:15:00	11700	0	0	0	0	0	0	0	0
03:20:00	12000	0	0	0	0	0	0	0	0
03:25:00	12300	0	0	0	0	0	0	0	0
03:30:00	12600	1	0	0	1	1	0	0	1
03:35:00	12900	1	1	0	1	1	1	0	1
03:40:00	13200	0	1	0	0	0	1	0	0
03:45:00	13500	1	1	0	0	1	1	0	0
03:50:00	13800	0	0	0	0	0	0	0	0
03:55:00	14100	0	0	0	0	0	0	0	0
04:00:00	14400	3	0	0	3	3	0	0	3
04:05:00	14700	2	0	0	5	2	0	0	5
04:10:00	15000	3	2	0	6	3	2	0	6
04:15:00	15300	1	4	0	3	1	4	0	3
04:20:00	15600	0	1	0	2	0	1	0	2
04:25:00	15900	0	1	0	1	0	1	0	1
04:30:00	16200	11	1	0	11	11	1	0	11
04:35:00	16500	9	5	0	15	9	5	0	15
04:40:00	16800	7	4	0	18	7	4	0	18
04:45:00	17100	12	9	0	21	12	9	0	21
04:50:00	17400	10	7	0	24	10	7	0	24
04:55:00	17700	10	11	0	23	10	11	0	23
05:00:00	18000	18	4	0	37	18	4	0	37
05:05:00	18300	17	10	0	44	17	10	0	44
05:10:00	18600	8	13	0	39	8	13	0	39
05:15:00	18900	12	9	0	42	12	9	0	42
05:20:00	19200	11	11	0	42	11	11	0	42
05:25:00	19500	13	14	0	41	13	14	0	41
05:30:00	19800	29	11	0	59	29	11	0	59
05:35:00	20100	34	20	0	73	34	20	0	73
05:40:00	20400	30	24	0	79	30	24	0	79
05:45:00	20700	28	24	0	83	28	24	0	83
05:50:00	21000	29	23	0	89	29	23	0	89
05:55:00	21300	26	23	0	92	26	23	0	92
06:00:00	21600	32	17	0	107	32	17	0	107
06:05:00	21900	33	20	0	120	33	20	0	120
06:10:00	22200	32	21	0	131	32	21	0	131
06:15:00	22500	28	26	0	133	28	26	0	133
06:20:00	22800	33	31	0	135	33	31	0	135
06:25:00	23100	36	35	0	136	36	35	0	136
06:30:00	23400	25	25	0	136	25	25	0	136
06:35:00	23700	24	40	0	120	24	40	0	120
06:40:00	24000	36	30	0	126	36	30	0	126
06:45:00	24300	29	30	0	125	29	30	0	125
06:50:00	24600	26	28	0	123	26	28	0	123
06:55:00	24900	36	35	0	124	36	35	0	124
07:00:00	25200	29	32	0	121	29	32	0	121
07:05:00	25500	27	26	0	122	27	26	0	122
07:10:00	25800	36	30	0	128	36	30	0	128
07:15:00	26100	29	18	0	139	29	18	0	139
07:20:00	26400	29	28	0	140	29	28	0	140
07:25:00	26700	33	39	0	134	33	39	0	134
07:30:00	27000	25	28	0	131	25	28	0	131
07:35:00	27300	37	23	0	145	37	23	0	145
07:40:00	27600	25	39	0	131	25	39	0	131
07:45:00	27900	31	25	0	137	31	25	0	137
07:50:00	28200	35	36	0	136	35	36	0	136
07:55:00	28500	28	31	0	133	28	31	0	133
08:00:00	28800	30	27	0	136	30	27	0	136
08:05:00	29100	25	29	0	132	25	29	0	132
08:10:00	29400	36	39	0	129	36	39	0	129
08:15:00	29700	27	33	0	123	27	33	0	123
08:20:00	30000	36	29	0	130	36	29	0	130
08:25:00	30300	25	27	0	128	25	27	0	128
08:30:00	30600	32	31	0	129	32	31	0	129
08:35:00	30900	14	25	0	118	14	25	0	118
08:40:00	31200	23	27	0	114	23	27	0	114
08:45:00	31500	30	26	0	118	30	26	0	118
08:50:00	31800	21	28	0	111	21	28	0	111
08:55:00	32100	31	25	0	117	31	25	0	117
09:00:00	32400	32	23	0	126	32	23	0	126
09:05:00	32700	34	15	0	145	34	15	0	145
09:10:00	33000	27	27	0	145	27	27	0	145
09:15:00	33300	21	31	0	135	21	31	0	135
09:20:00	33600	34	29	0	140	34	29	0	140
09:25:00	33900	26	30	0	136	26	30	0	136
09:30:00	34200	28	36	0	128	28	36	0	128
09:35:00	34500	24	25	0	127	24	25	0	127
09:40:00	34800	18	23	0	122	18	23	0	122
09:45:00	35100	23	29	0	116	23	29	0	116
09:50:00	35400	29	20	0	125	29	20	0	125
09:55:00	35700	23	30	0	118	23	30	0	118
10:00:00	36000	28	21	0	125	28	21	0	125
10:05:00	36300	19	23	0	121	19	23	0	121
10:10:00	36600	25	25	0	121	25	25	0	121
10:15:00	36900	23	21	0	123	23	21	0	123
10:20:00	37200	25	24	0	124	25	24	0	124
10:25:00	37500	29	24	0	129	29	24	0	129
10:30:00	37800	2	30	0	101	2	30	0	101
10:35:00	38100	4	27	0	78	4	27	0	78
10:40:00	38400	2	16	0	64	2	16	0	64
10:45:00	38700	1	5	0	60	1	5	0	60
10:50:00	39000	2	10	0	52	2	10	0	52
10:55:00	39300	4	11	0	45	4	11	0	45
11:00:00	39600	3	5	0	43	3	5	0	43
11:05:00	39900	1	7	0	37	1	7	0	37
11:10:00	40200	1	0	0	38	1	0	0	38
11:15:00	40500	4	5	0	37	4	5	0	37
11:20:00	40800	1	3	0	35	1	3	0	35
11:25:00	41100	1	6	0	30	1	6	0	30
11:30:00	41400	5	3	0	32	5	3	0	32
11:35:00	41700	1	4	0	29	1	4	0	29
11:40:00	42000	1	0	0	30	1	0	0	30
11:45:00	42300	4	2	0	32	4	2	0	32
11:50:00	42600	3	7	0	28	3	7	0	28
11:55:00	42900	2	8	0	22	2	8	0	22
12:00:00	43200	2	1	0	23	2	1	0	23
12:05:00	43500	2	2	0	23	2	2	0	23
12:10:00	43800	2	2	0	23	2	2	0	23
12:15:00	44100	3	6	0	20	3	6	0	20
12:20:00	44400	3	3	0	20	3	3	0	20
12:25:00	44700	4	3	0	21	4	3	0	21
12:30:00	45000	2	3	0	20	2	3	0	20
12:35:00	45300	5	9	0	16	5	9	0	16
12:40:00	45600	4	2	0	18	4	2	0	18
12:45:00	45900	6	5	0	19	6	5	0	19
12:50:00	46200	9	7	0	21	9	7	0	21
12:55:00	46500	8	6	0	23	8	6	0	23
13:00:00	46800	12	6	0	29	12	6	0	29
13:05:00	47100	19	9	0	39	19	9	0	39
13:10:00	47400	6	7	0	38	6	7	0	38
13:15:00	47700	12	15	0	35	12	15	0	35
13:20:00	48000	17	12	0	40	17	12	0	40
13:25:00	48300	12	10	0	42	12	10	0	42
13:30:00	48600	15	8	0	49	15	8	0	49
13:35:00	48900	11	11	0	49	11	11	0	49
13:40:00	49200	19	15	0	53	19	15	0	53
13:45:00	49500	10	20	0	43	10	20	0	43
13:50:00	49800	16	13	0	46	16	13	0	46
13:55:00	50100	23	12	0	57	23	12	0	57
14:00:00	50400	20	19	0	58	20	19	0	58
14:05:00	50700	22	21	0	59	22	21	0	59
14:10:00	51000	21	14	0	66	21	14	0	66
14:15:00	51300	26	20	0	72	26	20	0	72
14:20:00	51600	27	17	0	82	27	17	0	82
14:25:00	51900	29	21	0	90	29	21	0	90
14:30:00	52200	16	16	0	90	16	16	0	90
14:35:00	52500	30	26	0	94	30	26	0	94
14:40:00	52800	22	27	0	89	22	27	0	89
14:45:00	53100	17	23	0	83	17	23	0	83
14:50:00	53400	30	22	0	91	30	22	0	91
14:55:00	53700	32	27	0	96	32	27	0	96
15:00:00	54000	31	23	0	104	31	23	0	104
15:05:00	54300	27	17	0	114	27	17	0	114
15:10:00	54600	19	30	0	103	19	30	0	103
15:15:00	54900	28	21	0	110	28	21	0	110
15:20:00	55200	29	27	0	112	29	27	0	112
15:25:00	55500	32	27	0	117	32	27	0	117
15:30:00	55800	37	27	0	127	37	27	0	127
15:35:00	56100	28	26	0	129	28	26	0	129
15:40:00	56400	29	27	0	131	29	27	0	131
15:45:00	56700	32	24	0	139	32	24	0	139
15:50:00	57000	20	30	0	129	20	30	0	129
15:55:00	57300	30	27	0	132	30	27	0	132
16:00:00	57600	32	32	0	132	32	32	0	132
16:05:00	57900	31	35	0	128	31	35	0	128
16:10:00	58200	30	26	0	132	30	26	0	132
16:15:00	58500	24	32	0	124	24	32	0	124
16:20:00	58800	39	23	0	140	39	23	0	140
16:25:00	59100	31	32	0	139	31	32	0	139
16:30:00	59400	28	39	0	128	28	39	0	128
16:35:00	59700	29	27	0	130	29	27	0	130
16:40:00	60000	31	31	0	130	31	31	0	130
16:45:00	60300	19	22	0	127	19	22	0	127
16:50:00	60600	28	31	0	124	28	31	0	124
16:55:00	60900	32	26	0	130	32	26	0	130
17:00:00	61200	25	31	0	124	25	31	0	124
17:05:00	61500	22	23	0	123	22	23	0	123
17:10:00	61800	28	33	0	118	28	33	0	118
17:15:00	62100	24	19	0	123	24	19	0	123
17:20:00	62400	25	32	0	116	25	32	0	116
17:25:00	62700	26	24	0	118	26	24	0	118
17:30:00	63000	28	21	0	125	28	21	0	125
17:35:00	63300	23	28	0	120	23	28	0	120
17:40:00	63600	26	27	0	119	26	27	0	119
17:45:00	63900	21	21	0	119	21	21	0	119
17:50:00	64200	19	21	0	117	19	21	0	117
17:55:00	64500	26	28	0	115	26	28	0	115
18:00:00	64800	19	19	0	115	19	19	0	115
18:05:00	65100	32	25	0	122	32	25	0	122
18:10:00	65400	23	26	0	119	23	26	0	119
18:15:00	65700	18	24	0	113	18	24	0	113
18:20:00	66000	22	19	0	116	22	19	0	116
18:25:00	66300	21	26	0	111	21	26	0	111
18:30:00	66600	26	22	0	115	26	22	0	115
18:35:00	66900	13	19	0	109	13	19	0	109
18:40:00	67200	13	30	0	92	13	30	0	92
18:45:00	67500	23	26	0	89	23	26	0	89
18:50:00	67800	7	17	0	79	7	17	0	79
18:55:00	68100	13	20	0	72	13	20	0	72
19:00:00	68400	11	20	0	63	11	20	0	63
19:05:00	68700	15	15	0	63	15	15	0	63
19:10:00	69000	12	13	0	62	12	13	0	62
19:15:00	69300	11	15	0	58	11	15	0	58
19:20:00	69600	7	8	0	57	7	8	0	57
19:25:00	69900	6	10	0	53	6	10	0	53
19:30:00	70200	10	17	0	46	10	17	0	46
19:35:00	70500	8	14	0	40	8	14	0	40
19:40:00	70800	9	13	0	36	9	13	0	36
19:45:00	71100	7	5	0	38	7	5	0	38
19:50:00	71400	5	10	0	33	5	10	0	33
19:55:00	71700	8	8	0	33	8	8	0	33
20:00:00	72000	6	8	0	31	6	8	0	31
20:05:00	72300	7	10	0	28	7	10	0	28
20:10:00	72600	3	8	0	23	3	8	0	23
20:15:00	72900	2	3	0	22	2	3	0	22
20:20:00	73200	0	3	0	19	0	3	0	19
20:25:00	73500	0	5	0	14	0	5	0	14
20:30:00	73800	2	3	0	13	2	3	0	13
20:35:00	74100	0	1	0	12	0	1	0	12
20:40:00	74400	1	0	0	13	1	0	0	13
20:45:00	74700	0	1	0	12	0	1	0	12
20:50:00	75000	0	4	0	8	0	4	0	8
20:55:00	75300	2	3	0	7	2	3	0	7
21:00:00	75600	0	0	0	7	0	0	0	7
21:05:00	75900	0	1	0	6	0	1	0	6
21:10:00	76200	2	0	0	8	2	0	0	8
21:15:00	76500	0	0	0	8	0	0	0	8
21:20:00	76800	0	2	0	6	0	2	0	6
21:25:00	77100	0	2	0	4	0	2	0	4
21:30:00	77400	1	0	0	5	1	0	0	5
21:35:00	77700	0	0	0	5	0	0	0	5
21:40:00	78000	0	2	0	3	0	2	0	3
21:45:00	78300	0	0	0	3	0	0	0	3
21:50:00	78600	0	1	0	2	0	1	0	2
21:55:00	78900	0	0	0	2	0	0	0	2
22:00:00	79200	0	0	0	2	0	0	0	2
22:05:00	79500	0	0	0	2	0	0	0	2
22:10:00	79800	0	1	0	1	0	1	0	1
22:15:00	80100	0	1	0	0	0	1	0	0
22:20:00	80400	0	0	0	0	0	0	0	0
22:25:00	80700	0	0	0	0	0	0	0	0
22:30:00	81000	0	0	0	0	0	0	0	0
22:35:00	81300	0	0	0	0	0	0	0	0
22:40:00	81600	0	0	0	0	0	0	0	0
22:45:00	81900	0	0	0	0	0	0	0	0
22:50:00	82200	0	0	0	0	0	0	0	0
22:55:00	82500	0	0	0	0	0	0	0	0
23:00:00	82800	0	0	0	0	0	0	0	0
23:05:00	83100	0	0	0	0	0	0	0	0
23:10:00	83400	0	0	0	0	0	0	0	0
23:15:00	83700	0	0	0	0	0	0	0	0
23:20:00	84000	0	0	0	0	0	0	0	0
23:25:00	84300	0	0	0	0	0	0	0	0
23:30:00	84600	0	0	0	0	0	0	0	0
23:35:00	84900	0	0	0	0	0	0	0	0
23:40:00	85200	0	0	0	0	0	0	0	0
23:45:00	85500	0	0	0	0	0	0	0	0
23:50:00	85800	0	0	0	0	0	0	0	0
23:55:00	86100	0	0	0	0	0	0	0	0
24:00:00	86400	0	0	0	0	0	0	0	0
24:05:00	86700	0	0	0	0	0	0	0	0
24:10:00	87000	0	0	0	0	0	0	0	0
24:15:00	87300	0	0	0	0	0	0	0	0
24:20:00	87600	0	0	0	0	0	0	0	0
24:25:00	87900	0	0	0	0	0	0	0	0
24:30:00	88200	0	0	0	0	0	0	0	0
24:35:00	88500	0	0	0	0	0	0	0	0
24:40:00	88800	0	0	0	0	0	0	0	0
24:45:00	89100	0	0	0	0	0	0	0	0
24:50:00	89400	0	0	0	0	0	0	0	0
24:55:00	89700	0	0	0	0	0	0	0	0
25:00:00	90000	0	0	0	0	0	0	0	0
25:05:00	90300	0	0	0	0	0	0	0	0
25:10:00	90600	0	0	0	0	0	0	0	0
25:15:00	90900	0	0	0	0	0	0	0	0
25:20:00	91200	0	0	0	0	0	0	0	0
25:25:00	91500	0	0	0	0	0	0	0	0
25:30:00	91800	0	0	0	0	0	0	0	0
25:35:00	92100	0	0	0	0	0	0	0	0
25:40:00	92400	0	0	0	0	0	0	0	0
25:45:00	92700	0	0	0	0	0	0	0	0
25:50:00	93000	0	0	0	0	0	0	0	0
25:55:00	93300	0	0	0	0	0	0	0	0
26:00:00	93600	0	0	0	0	0	0	0	0
26:05:00	93900	0	0	0	0	0	0	0	0
26:10:00	94200	0	0	0	0	0	0	0	0
26:15:00	94500	0	0	0	0	0	0	0	0
26:20:00	94800	0	0	0	0	0	0	0	0
26:25:00	95100	0	0	0	0	0	0	0	0
26:30:00	95400	0	0	0	0	0	0	0	0
26:35:00	95700	0	0	0	0	0	0	0	0
26:40:00	96000	0	0	0	0	0	0	0	0
26:45:00	96300	0	0	0	0	0	0	0	0
26:50:00	96600	0	0	0	0	0	0	0	0
26:55:00	96900	0	0	0	0	0	0	0	0
27:00:00	97200	0	0	0	0	0	0	0	0
27:05:00	97500	0	0	0	0	0	0	0	0
27:10:00	97800	0	0	0	0	0	0	0	0
27:15:00	98100	0	0	0	0	0	0	0	0
27:20:00	98400	0	0	0	0	0	0	0	0
27:25:00	98700	0	0	0	0	0	0	0	0
27:30:00	99000	0	0	0	0	0	0	0	0
27:35:00	99300	0	0	0	0	0	0	0	0
27:40:00	99600	0	0	0	0	0	0	0	0
27:45:00	99900	0	0	0	0	0	0	0	0
27:50:00	100200	0	0	0	0	0	0	0	0
27:55:00	100500	0	0	0	0	0	0	0	0
28:00:00	100800	0	0	0	0	0	0	0	0
28:05:00	101100	0	0	0	0	0	0	0	0
28:10:00	101400	0	0	0	0	0	0	0	0
28:15:00	101700	0	0	0	0	0	0	0	0
28:20:00	102000	0	0	0	0	0	0	0	0
28:25:00	102300	0	0	0	0	0	0	0	0
28:30:00	102600	0	0	0	0	0	0	0	0
28:35:00	102900	0	0	0	0	0	0	0	0
28:40:00	103200	0	0	0	0	0	0	0	0
28:45:00	103500	0	0	0	0	0	0	0	0
28:50:00	103800	0	0	0	0	0	0	0	0
28:55:00	104100	0	0	0	0	0	0	0	0
29:00:00	104400	0	0	0	0	0	0	0	0
29:05:00	104700	0	0	0	0	0	0	0	0
29:10:00	105000	0	0	0	0	0	0	0	0
29:15:00	105300	0	0	0	0	0	0	0	0
29:20:00	105600	0	0	0	0	0	0	0	0
29:25:00	105900	0	0	0	0	0	0	0	0
29:30:00	106200	0	0	0	0	0	0	0	0
29:35:00	106500	0	0	0	0	0	0	0	0
29:40:00	106800	0	0	0	0	0	0	0	0
29:45:00	107100	0	0	0	0	0	0	0	0
29:50:00	107400	0	0	0	0	0	0	0	0
29:55:00	107700	0	0	0	0	0	0	0	0
30:00:00	108000	0	0	0	0	0	0	0	0
30:05:00	108300	0	0	0	0	0	0	0	0
