time	time	departures_all	arrivals_all	stuck_all	en-route_all	departures_car	arrivals_car	stuck_car	en-route_car
00:00:00	0	0	0	0	0	0	0	0	0
00:05:00	300	0	0	0	0	0	0	0	0
00:10:00	600	0	0	0	0	0	0	0	0
00:15:00	900	0	0	0	0	0	0	0	0
00:20:00	1200	0	0	0	0	0	0	0	0
00:25:00	1500	0	0	0	0	0	0	0	0
00:30:00	1800	0	0	0	0	0	0	0	0
00:35:00	2100	0	0	0	0	0	0	0	0
00:40:00	2400	0	0	0	0	0	0	0	0
00:45:00	2700	0	0	0	0	0	0	0	0
00:50:00	3000	0	0	0	0	0	0	0	0
00:55:00	3300	0	0	0	0	0	0	0	0
01:00:00	3600	0	0	0	0	0	0	0	0
01:05:00	3900	0	0	0	0	0	0	0	0
01:10:00	4200	0	0	0	0	0	0	0	0
01:15:00	4500	0	0	0	0	0	0	0	0
01:20:00	4800	0	0	0	0	0	0	0	0
01:25:00	5100	0	0	0	0	0	0	0	0
01:30:00	5400	0	0	0	0	0	0	0	0
01:35:00	5700	0	0	0	0	0	0	0	0
01:40:00	6000	0	0	0	0	0	0	0	0
01:45:00	6300	0	0	0	0	0	0	0	0
01:50:00	6600	1	1	0	0	1	1	0	0
01:55:00	6900	0	0	0	0	0	0	0	0
02:00:00	7200	0	0	0	0	0	0	0	0
02:05:00	7500	0	0	0	0	0	0	0	0
02:10:00	7800	0	0	0	0	0	0	0	0
02:15:00	8100	1	1	0	0	1	1	0	0
02:20:00	8400	1	0	0	1	1	0	0	1
02:25:00	8700	0	0	0	1	0	0	0	1
02:30:00	9000	0	1	0	0	0	1	0	0
02:35:00	9300	1	0	0	1	1	0	0	1
02:40:00	9600	1	1	0	1	1	1	0	1
02:45:00	9900	1	0	0	2	1	0	0	2
02:50:00	10200	0	2	0	0	0	2	0	0
02:55:00	10500	1	1	0	0	1	1	0	0
03:00:00	10800	2	0	0	2	2	0	0	2
03:05:00	11100	0	1	0	1	0	1	0	1
03:10:00	11400	0	1	0	0	0	1	0	0
03:15:00	11700	0	0	0	0	0	0	0	0
03:20:00	12000	0	0	0	0	0	0	0	0
03:25:00	12300	1	0	0	1	1	0	0	1
03:30:00	12600	1	0	0	2	1	0	0	2
03:35:00	12900	3	2	0	3	3	2	0	3
03:40:00	13200	5	2	0	6	5	2	0	6
03:45:00	13500	3	2	0	7	3	2	0	7
03:50:00	13800	3	2	0	8	3	2	0	8
03:55:00	14100	4	3	0	9	4	3	0	9
04:00:00	14400	4	3	0	10	4	3	0	10
04:05:00	14700	5	1	0	14	5	1	0	14
04:10:00	15000	3	3	0	14	3	3	0	14
04:15:00	15300	3	4	0	13	3	4	0	13
04:20:00	15600	7	5	0	15	7	5	0	15
04:25:00	15900	4	4	0	15	4	4	0	15
04:30:00	16200	12	2	0	25	12	2	0	25
04:35:00	16500	18	12	0	31	18	12	0	31
04:40:00	16800	16	8	0	39	16	8	0	39
04:45:00	17100	16	10	0	45	16	10	0	45
04:50:00	17400	15	10	0	50	15	10	0	50
04:55:00	17700	12	10	0	52	12	10	0	52
05:00:00	18000	19	17	0	54	19	17	0	54
05:05:00	18300	18	13	0	59	18	13	0	59
05:10:00	18600	9	20	0	48	9	20	0	48
05:15:00	18900	16	15	0	49	16	15	0	49
05:20:00	19200	20	16	0	53	20	16	0	53
05:25:00	19500	22	14	0	61	22	14	0	61
05:30:00	19800	32	16	0	77	32	16	0	77
05:35:00	20100	24	19	0	82	24	19	0	82
05:40:00	20400	19	31	0	70	19	31	0	70
05:45:00	20700	25	23	0	72	25	23	0	72
05:50:00	21000	27	24	0	75	27	24	0	75
05:55:00	21300	23	20	0	78	23	20	0	78
06:00:00	21600	29	26	0	81	29	26	0	81
06:05:00	21900	29	17	0	93	29	17	0	93
06:10:00	22200	24	22	0	95	24	22	0	95
06:15:00	22500	36	28	0	103	36	28	0	103
06:20:00	22800	32	22	0	113	32	22	0	113
06:25:00	23100	21	28	0	106	21	28	0	106
06:30:00	23400	29	32	0	103	29	32	0	103
06:35:00	23700	34	21	0	116	34	21	0	116
06:40:00	24000	29	26	0	119	29	26	0	119
06:45:00	24300	32	30	0	121	32	30	0	121
06:50:00	24600	19	37	0	103	19	37	0	103
06:55:00	24900	27	25	0	105	27	25	0	105
07:00:00	25200	28	32	0	101	28	32	0	101
07:05:00	25500	33	21	0	113	33	21	0	113
07:10:00	25800	35	34	0	114	35	34	0	114
07:15:00	26100	30	15	0	129	30	15	0	129
07:20:00	26400	32	30	0	131	32	30	0	131
07:25:00	26700	26	33	0	124	26	33	0	124
07:30:00	27000	26	25	0	125	26	25	0	125
07:35:00	27300	36	24	0	137	36	24	0	137
07:40:00	27600	35	32	0	140	35	32	0	140
07:45:00	27900	27	32	0	135	27	32	0	135
07:50:00	28200	24	33	0	126	24	33	0	126
07:55:00	28500	26	26	0	126	26	26	0	126
08:00:00	28800	29	34	0	121	29	34	0	121
08:05:00	29100	30	30	0	121	30	30	0	121
08:10:00	29400	34	28	0	127	34	28	0	127
08:15:00	29700	18	22	0	123	18	22	0	123
08:20:00	30000	28	42	0	109	28	42	0	109
08:25:00	30300	23	18	0	114	23	18	0	114
08:30:00	30600	28	31	0	111	28	31	0	111
08:35:00	30900	22	25	0	108	22	25	0	108
08:40:00	31200	31	25	0	114	31	25	0	114
08:45:00	31500	27	35	0	106	27	35	0	106
08:50:00	31800	22	17	0	111	22	17	0	111
08:55:00	32100	28	31	0	108	28	31	0	108
09:00:00	32400	27	23	0	112	27	23	0	112
09:05:00	32700	31	26	0	117	31	26	0	117
09:10:00	33000	20	26	0	111	20	26	0	111
09:15:00	33300	29	31	0	109	29	31	0	109
09:20:00	33600	28	27	0	110	28	27	0	110
09:25:00	33900	24	28	0	106	24	28	0	106
09:30:00	34200	22	28	0	100	22	28	0	100
09:35:00	34500	26	27	0	99	26	27	0	99
09:40:00	34800	17	29	0	87	17	29	0	87
09:45:00	35100	16	18	0	85	16	18	0	85
09:50:00	35400	24	23	0	86	24	23	0	86
09:55:00	35700	21	28	0	79	21	28	0	79
10:00:00	36000	18	21	0	76	18	21	0	76
10:05:00	36300	18	17	0	77	18	17	0	77
10:10:00	36600	16	21	0	72	16	21	0	72
10:15:00	36900	21	15	0	78	21	15	0	78
10:20:00	37200	22	26	0	74	22	26	0	74
10:25:00	37500	30	24	0	80	30	24	0	80
10:30:00	37800	3	24	0	59	3	24	0	59
10:35:00	38100	8	29	0	38	8	29	0	38
10:40:00	38400	3	8	0	33	3	8	0	33
10:45:00	38700	9	15	0	27	9	15	0	27
10:50:00	39000	4	8	0	23	4	8	0	23
10:55:00	39300	4	8	0	19	4	8	0	19
11:00:00	39600	5	8	0	16	5	8	0	16
11:05:00	39900	2	3	0	15	2	3	0	15
11:10:00	40200	8	7	0	16	8	7	0	16
11:15:00	40500	3	5	0	14	3	5	0	14
11:20:00	40800	0	2	0	12	0	2	0	12
11:25:00	41100	3	4	0	11	3	4	0	11
11:30:00	41400	5	5	0	11	5	5	0	11
11:35:00	41700	2	3	0	10	2	3	0	10
11:40:00	42000	4	5	0	9	4	5	0	9
11:45:00	42300	6	2	0	13	6	2	0	13
11:50:00	42600	5	3	0	15	5	3	0	15
11:55:00	42900	2	10	0	7	2	10	0	7
12:00:00	43200	12	3	0	16	12	3	0	16
12:05:00	43500	2	6	0	12	2	6	0	12
12:10:00	43800	3	2	0	13	3	2	0	13
12:15:00	44100	3	8	0	8	3	8	0	8
12:20:00	44400	6	4	0	10	6	4	0	10
12:25:00	44700	6	4	0	12	6	4	0	12
12:30:00	45000	5	3	0	14	5	3	0	14
12:35:00	45300	11	2	0	23	11	2	0	23
12:40:00	45600	6	6	0	23	6	6	0	23
12:45:00	45900	7	10	0	20	7	10	0	20
12:50:00	46200	9	9	0	20	9	9	0	20
12:55:00	46500	11	6	0	25	11	6	0	25
13:00:00	46800	21	6	0	40	21	6	0	40
13:05:00	47100	11	10	0	41	11	10	0	41
13:10:00	47400	16	5	0	52	16	5	0	52
13:15:00	47700	15	17	0	50	15	17	0	50
13:20:00	48000	11	18	0	43	11	18	0	43
13:25:00	48300	11	13	0	41	11	13	0	41
13:30:00	48600	18	15	0	44	18	15	0	44
13:35:00	48900	9	10	0	43	9	10	0	43
13:40:00	49200	11	13	0	41	11	13	0	41
13:45:00	49500	15	10	0	46	15	10	0	46
13:50:00	49800	16	10	0	52	16	10	0	52
13:55:00	50100	24	18	0	58	24	18	0	58
14:00:00	50400	13	24	0	47	13	24	0	47
14:05:00	50700	26	12	0	61	26	12	0	61
14:10:00	51000	16	20	0	57	16	20	0	57
14:15:00	51300	19	14	0	62	19	14	0	62
14:20:00	51600	28	19	0	71	28	19	0	71
14:25:00	51900	22	14	0	79	22	14	0	79
14:30:00	52200	13	15	0	77	13	15	0	77
14:35:00	52500	26	30	0	73	26	30	0	73
14:40:00	52800	19	22	0	70	19	22	0	70
14:45:00	53100	24	21	0	73	24	21	0	73
14:50:00	53400	25	15	0	83	25	15	0	83
14:55:00	53700	29	17	0	95	29	17	0	95
15:00:00	54000	31	38	0	88	31	38	0	88
15:05:00	54300	21	15	0	94	21	15	0	94
15:10:00	54600	24	23	0	95	24	23	0	95
15:15:00	54900	27	19	0	103	27	19	0	103
15:20:00	55200	30	29	0	104	30	29	0	104
15:25:00	55500	36	35	0	105	36	35	0	105
15:30:00	55800	27	23	0	109	27	23	0	109
15:35:00	56100	29	22	0	116	29	22	0	116
15:40:00	56400	26	29	0	113	26	29	0	113
15:45:00	56700	34	26	0	121	34	26	0	121
15:50:00	57000	21	26	0	116	21	26	0	116
15:55:00	57300	26	27	0	115	26	27	0	115
16:00:00	57600	39	35	0	119	39	35	0	119
16:05:00	57900	24	25	0	118	24	25	0	118
16:10:00	58200	30	25	0	123	30	25	0	123
16:15:00	58500	20	33	0	110	20	33	0	110
16:20:00	58800	29	32	0	107	29	32	0	107
16:25:00	59100	28	31	0	104	28	31	0	104
16:30:00	59400	31	26	0	109	31	26	0	109
16:35:00	59700	26	30	0	105	26	30	0	105
16:40:00	60000	24	30	0	99	24	30	0	99
16:45:00	60300	25	29	0	95	25	29	0	95
16:50:00	60600	28	29	0	94	28	29	0	94
16:55:00	60900	26	30	0	90	26	30	0	90
17:00:00	61200	17	30	0	77	17	30	0	77
17:05:00	61500	33	23	0	87	33	23	0	87
17:10:00	61800	28	20	0	95	28	20	0	95
17:15:00	62100	16	18	0	93	16	18	0	93
17:20:00	62400	31	23	0	101	31	23	0	101
17:25:00	62700	20	22	0	99	20	22	0	99
17:30:00	63000	20	26	0	93	20	26	0	93
17:35:00	63300	23	23	0	93	23	23	0	93
17:40:00	63600	23	30	0	86	23	30	0	86
17:45:00	63900	23	23	0	86	23	23	0	86
17:50:00	64200	20	23	0	83	20	23	0	83
17:55:00	64500	24	16	0	91	24	16	0	91
18:00:00	64800	20	22	0	89	20	22	0	89
18:05:00	65100	26	24	0	91	26	24	0	91
18:10:00	65400	16	26	0	81	16	26	0	81
18:15:00	65700	23	17	0	87	23	17	0	87
18:20:00	66000	28	29	0	86	28	29	0	86
18:25:00	66300	16	23	0	79	16	23	0	79
18:30:00	66600	21	17	0	83	21	17	0	83
18:35:00	66900	11	18	0	76	11	18	0	76
18:40:00	67200	18	22	0	72	18	22	0	72
18:45:00	67500	21	28	0	65	21	28	0	65
18:50:00	67800	7	18	0	54	7	18	0	54
18:55:00	68100	17	10	0	61	17	10	0	61
19:00:00	68400	13	20	0	54	13	20	0	54
19:05:00	68700	13	20	0	47	13	20	0	47
19:10:00	69000	18	16	0	49	18	16	0	49
19:15:00	69300	12	17	0	44	12	17	0	44
19:20:00	69600	5	8	0	41	5	8	0	41
19:25:00	69900	6	6	0	41	6	6	0	41
19:30:00	70200	13	11	0	43	13	11	0	43
19:35:00	70500	11	15	0	39	11	15	0	39
19:40:00	70800	10	11	0	38	10	11	0	38
19:45:00	71100	7	8	0	37	7	8	0	37
19:50:00	71400	8	11	0	34	8	11	0	34
19:55:00	71700	8	9	0	33	8	9	0	33
20:00:00	72000	8	15	0	26	8	15	0	26
20:05:00	72300	10	7	0	29	10	7	0	29
20:10:00	72600	6	9	0	26	6	9	0	26
20:15:00	72900	6	8	0	24	6	8	0	24
20:20:00	73200	3	12	0	15	3	12	0	15
20:25:00	73500	4	5	0	14	4	5	0	14
20:30:00	73800	1	3	0	12	1	3	0	12
20:35:00	74100	3	6	0	9	3	6	0	9
20:40:00	74400	3	2	0	10	3	2	0	10
20:45:00	74700	2	3	0	9	2	3	0	9
20:50:00	75000	1	4	0	6	1	4	0	6
20:55:00	75300	1	3	0	4	1	3	0	4
21:00:00	75600	0	1	0	3	0	1	0	3
21:05:00	75900	3	0	0	6	3	0	0	6
21:10:00	76200	0	0	0	6	0	0	0	6
21:15:00	76500	0	1	0	5	0	1	0	5
21:20:00	76800	2	2	0	5	2	2	0	5
21:25:00	77100	1	2	0	4	1	2	0	4
21:30:00	77400	0	1	0	3	0	1	0	3
21:35:00	77700	0	1	0	2	0	1	0	2
21:40:00	78000	0	0	0	2	0	0	0	2
21:45:00	78300	1	1	0	2	1	1	0	2
21:50:00	78600	2	0	0	4	2	0	0	4
21:55:00	78900	0	1	0	3	0	1	0	3
22:00:00	79200	0	2	0	1	0	2	0	1
22:05:00	79500	0	0	0	1	0	0	0	1
22:10:00	79800	0	0	0	1	0	0	0	1
22:15:00	80100	1	1	0	1	1	1	0	1
22:20:00	80400	0	0	0	1	0	0	0	1
22:25:00	80700	0	0	0	1	0	0	0	1
22:30:00	81000	1	0	0	2	1	0	0	2
22:35:00	81300	0	1	0	1	0	1	0	1
22:40:00	81600	0	0	0	1	0	0	0	1
22:45:00	81900	0	1	0	0	0	1	0	0
22:50:00	82200	0	0	0	0	0	0	0	0
22:55:00	82500	0	0	0	0	0	0	0	0
23:00:00	82800	1	0	0	1	1	0	0	1
23:05:00	83100	0	1	0	0	0	1	0	0
23:10:00	83400	0	0	0	0	0	0	0	0
23:15:00	83700	0	0	0	0	0	0	0	0
23:20:00	84000	0	0	0	0	0	0	0	0
23:25:00	84300	0	0	0	0	0	0	0	0
23:30:00	84600	0	0	0	0	0	0	0	0
23:35:00	84900	0	0	0	0	0	0	0	0
23:40:00	85200	0	0	0	0	0	0	0	0
23:45:00	85500	0	0	0	0	0	0	0	0
23:50:00	85800	0	0	0	0	0	0	0	0
23:55:00	86100	0	0	0	0	0	0	0	0
24:00:00	86400	0	0	0	0	0	0	0	0
24:05:00	86700	0	0	0	0	0	0	0	0
24:10:00	87000	0	0	0	0	0	0	0	0
24:15:00	87300	0	0	0	0	0	0	0	0
24:20:00	87600	0	0	0	0	0	0	0	0
24:25:00	87900	0	0	0	0	0	0	0	0
24:30:00	88200	0	0	0	0	0	0	0	0
24:35:00	88500	0	0	0	0	0	0	0	0
24:40:00	88800	0	0	0	0	0	0	0	0
24:45:00	89100	0	0	0	0	0	0	0	0
24:50:00	89400	0	0	0	0	0	0	0	0
24:55:00	89700	0	0	0	0	0	0	0	0
25:00:00	90000	0	0	0	0	0	0	0	0
25:05:00	90300	0	0	0	0	0	0	0	0
25:10:00	90600	0	0	0	0	0	0	0	0
25:15:00	90900	0	0	0	0	0	0	0	0
25:20:00	91200	0	0	0	0	0	0	0	0
25:25:00	91500	0	0	0	0	0	0	0	0
25:30:00	91800	0	0	0	0	0	0	0	0
25:35:00	92100	0	0	0	0	0	0	0	0
25:40:00	92400	0	0	0	0	0	0	0	0
25:45:00	92700	0	0	0	0	0	0	0	0
25:50:00	93000	0	0	0	0	0	0	0	0
25:55:00	93300	0	0	0	0	0	0	0	0
26:00:00	93600	0	0	0	0	0	0	0	0
26:05:00	93900	0	0	0	0	0	0	0	0
26:10:00	94200	0	0	0	0	0	0	0	0
26:15:00	94500	0	0	0	0	0	0	0	0
26:20:00	94800	0	0	0	0	0	0	0	0
26:25:00	95100	0	0	0	0	0	0	0	0
26:30:00	95400	0	0	0	0	0	0	0	0
26:35:00	95700	0	0	0	0	0	0	0	0
26:40:00	96000	0	0	0	0	0	0	0	0
26:45:00	96300	0	0	0	0	0	0	0	0
26:50:00	96600	0	0	0	0	0	0	0	0
26:55:00	96900	0	0	0	0	0	0	0	0
27:00:00	97200	0	0	0	0	0	0	0	0
27:05:00	97500	0	0	0	0	0	0	0	0
27:10:00	97800	0	0	0	0	0	0	0	0
27:15:00	98100	0	0	0	0	0	0	0	0
27:20:00	98400	0	0	0	0	0	0	0	0
27:25:00	98700	0	0	0	0	0	0	0	0
27:30:00	99000	0	0	0	0	0	0	0	0
27:35:00	99300	0	0	0	0	0	0	0	0
27:40:00	99600	0	0	0	0	0	0	0	0
27:45:00	99900	0	0	0	0	0	0	0	0
27:50:00	100200	0	0	0	0	0	0	0	0
27:55:00	100500	0	0	0	0	0	0	0	0
28:00:00	100800	0	0	0	0	0	0	0	0
28:05:00	101100	0	0	0	0	0	0	0	0
28:10:00	101400	0	0	0	0	0	0	0	0
28:15:00	101700	0	0	0	0	0	0	0	0
28:20:00	102000	0	0	0	0	0	0	0	0
28:25:00	102300	0	0	0	0	0	0	0	0
28:30:00	102600	0	0	0	0	0	0	0	0
28:35:00	102900	0	0	0	0	0	0	0	0
28:40:00	103200	0	0	0	0	0	0	0	0
28:45:00	103500	0	0	0	0	0	0	0	0
28:50:00	103800	0	0	0	0	0	0	0	0
28:55:00	104100	0	0	0	0	0	0	0	0
29:00:00	104400	0	0	0	0	0	0	0	0
29:05:00	104700	0	0	0	0	0	0	0	0
29:10:00	105000	0	0	0	0	0	0	0	0
29:15:00	105300	0	0	0	0	0	0	0	0
29:20:00	105600	0	0	0	0	0	0	0	0
29:25:00	105900	0	0	0	0	0	0	0	0
29:30:00	106200	0	0	0	0	0	0	0	0
29:35:00	106500	0	0	0	0	0	0	0	0
29:40:00	106800	0	0	0	0	0	0	0	0
29:45:00	107100	0	0	0	0	0	0	0	0
29:50:00	107400	0	0	0	0	0	0	0	0
29:55:00	107700	0	0	0	0	0	0	0	0
30:00:00	108000	0	0	0	0	0	0	0	0
30:05:00	108300	0	0	0	0	0	0	0	0
